subid	 trial	 block	 startPred	 prediction	 reward	 PE	 RTpred	 SD	 EV	 BeginITI	 CueOnset	 LogPrediction	 Feedback	 OnsetTooSlow	 BaselineStart	 
01	 1	 7	 84	 53	 30	 -23	 1.380000e+00	 11	 48	 1.389609e+04	 1.389859e+04	 1.390102e+04	 1.390317e+04	 NaN	 
01	 2	 7	 75	 99	 60	 -39	 2.080000e+00	 11	 48	 1.390422e+04	 1.390587e+04	 1.390897e+04	 1.391122e+04	 NaN	 
01	 3	 7	 32	 4	 55	 51	 2.910000e+00	 11	 48	 1.391225e+04	 1.391482e+04	 1.391875e+04	 1.392145e+04	 NaN	 
01	 4	 7	 56	 66	 45	 -21	 2.080000e+00	 11	 48	 1.392250e+04	 1.392437e+04	 1.392747e+04	 1.393019e+04	 NaN	 
01	 5	 7	 78	 77	 55	 -22	 2.050000e+00	 11	 48	 1.393124e+04	 1.393284e+04	 1.393590e+04	 1.393939e+04	 NaN	 
01	 6	 7	 86	 24	 42	 18	 1.230000e+00	 11	 48	 1.394042e+04	 1.394534e+04	 1.394759e+04	 1.394980e+04	 NaN	 
01	 7	 7	 47	 47	 30	 -17	 2.520000e+00	 11	 48	 1.395084e+04	 1.395712e+04	 1.396065e+04	 1.396459e+04	 NaN	 
01	 8	 7	 93	 66	 60	 -6	 1.850000e+00	 11	 48	 1.396562e+04	 1.397312e+04	 1.397599e+04	 1.397827e+04	 NaN	 
01	 9	 7	 90	 29	 55	 26	 1.370000e+00	 11	 48	 1.397930e+04	 1.398120e+04	 1.398359e+04	 1.398585e+04	 NaN	 
01	 10	 7	 100	 63	 45	 -18	 1.480000e+00	 11	 48	 1.398689e+04	 1.399345e+04	 1.399595e+04	 1.399939e+04	 NaN	 
