subid	 trial	 block	 startPred	 prediction	 reward	 PE	 RTpred	 SD	 EV	 BeginITI	 CueOnset	 LogPrediction	 Feedback	 OnsetTooSlow	 BaselineStart	 
01	 1	 7	 84	 25	 30	 5	 1.200000e+00	 11	 48	 1.184359e+04	 1.184610e+04	 1.184837e+04	 1.185052e+04	 NaN	 
01	 2	 7	 75	 64	 60	 -4	 1.310000e+00	 11	 48	 1.185157e+04	 1.185322e+04	 1.185555e+04	 1.185780e+04	 NaN	 
01	 3	 7	 32	 91	 55	 -36	 3.380000e+00	 11	 48	 1.185884e+04	 1.186140e+04	 1.186580e+04	 1.186850e+04	 NaN	 
01	 4	 7	 56	 35	 45	 10	 1.560000e+00	 11	 48	 1.186954e+04	 1.187140e+04	 1.187399e+04	 1.187669e+04	 NaN	 
01	 5	 7	 78	 78	 55	 -23	 1.650000e+00	 11	 48	 1.187774e+04	 1.187934e+04	 1.188200e+04	 1.188549e+04	 NaN	 
01	 6	 7	 86	 58	 42	 -16	 3.280000e+00	 11	 48	 1.188652e+04	 1.189144e+04	 1.189574e+04	 1.189795e+04	 NaN	 
01	 7	 7	 47	 47	 30	 -17	 3.250000e+00	 11	 48	 1.189899e+04	 1.190527e+04	 1.190954e+04	 1.191347e+04	 NaN	 
01	 8	 7	 93	 NaN	 60	 NaN	 3.520000e+00	 11	 48	 1.191450e+04	 1.192200e+04	 NaN	 NaN	 1.192654e+04	 
01	 9	 7	 90	 NaN	 55	 NaN	 3.520000e+00	 11	 48	 1.192815e+04	 1.193005e+04	 NaN	 NaN	 1.193459e+04	 
01	 10	 7	 100	 NaN	 45	 NaN	 3.520000e+00	 11	 48	 1.193614e+04	 1.194270e+04	 NaN	 NaN	 1.194724e+04	 
