subid	 trial	 block	 startPred	 prediction	 reward	 PE	 RTpred	 SD	 EV	 BeginITI	 CueOnset	 LogPrediction	 Feedback	 OnsetTooSlow	 BaselineStart	 
01	 1	 7	 9	 18	 30	 12	 2.340000e+00	 11	 48	 8.309110e+03	 8.316861e+03	 8.320294e+03	 8.322644e+03	 NaN	 
01	 2	 7	 46	 51	 60	 9	 1.380000e+00	 11	 48	 8.323710e+03	 8.326127e+03	 8.328527e+03	 8.331044e+03	 NaN	 
01	 3	 7	 44	 26	 55	 29	 1.960000e+00	 11	 48	 8.332077e+03	 8.333294e+03	 8.336277e+03	 8.340294e+03	 NaN	 
01	 4	 7	 86	 NaN	 45	 NaN	 3.850000e+00	 11	 48	 8.341344e+03	 8.343377e+03	 NaN	 NaN	 8.348244e+03	 
01	 5	 7	 92	 22	 55	 33	 1.760000e+00	 11	 48	 8.349861e+03	 8.350960e+03	 8.353744e+03	 8.357661e+03	 NaN	 
01	 6	 7	 5	 65	 42	 -23	 2.130000e+00	 11	 48	 8.358694e+03	 8.365261e+03	 8.368411e+03	 8.371927e+03	 NaN	 
01	 7	 7	 26	 54	 30	 -24	 1.750000e+00	 11	 48	 8.372961e+03	 8.377344e+03	 8.380111e+03	 8.382561e+03	 NaN	 
01	 8	 7	 32	 49	 60	 11	 2.830000e+00	 11	 48	 8.383594e+03	 8.388511e+03	 8.392361e+03	 8.396028e+03	 NaN	 
01	 9	 7	 90	 30	 55	 25	 1.850000e+00	 11	 48	 8.397061e+03	 8.401427e+03	 8.404294e+03	 8.406728e+03	 NaN	 
01	 10	 7	 46	 52	 45	 -7	 1.250000e+00	 11	 48	 8.407761e+03	 8.411627e+03	 8.413894e+03	 8.416611e+03	 NaN	 
