subid	 trial	 block	 startPred	 prediction	 reward	 PE	 RTpred	 SD	 EV	 BeginITI	 CueOnset	 LogPrediction	 Feedback	 OnsetTooSlow	 BaselineStart	 
77	 1	 7	 84	 54	 30	 -24	 1.220000e+00	 11	 48	 5.609031e+02	 5.634031e+02	 5.657196e+02	 5.678362e+02	 NaN	 
77	 2	 7	 75	 22	 60	 38	 1.510000e+00	 11	 48	 5.688698e+02	 5.705199e+02	 5.730533e+02	 5.752863e+02	 NaN	 
77	 3	 7	 32	 92	 55	 -37	 1.880000e+00	 11	 48	 5.763031e+02	 5.788701e+02	 5.817700e+02	 5.844363e+02	 NaN	 
77	 4	 7	 56	 40	 45	 5	 1.810000e+00	 11	 48	 5.854700e+02	 5.873367e+02	 5.901701e+02	 5.928529e+02	 NaN	 
77	 5	 7	 78	 66	 55	 -11	 1.410000e+00	 11	 48	 5.938867e+02	 5.954867e+02	 5.979198e+02	 6.013864e+02	 NaN	 
77	 6	 7	 86	 63	 42	 -21	 1.130000e+00	 11	 48	 6.024032e+02	 6.073200e+02	 6.094699e+02	 6.116702e+02	 NaN	 
77	 7	 7	 47	 20	 30	 10	 1.220000e+00	 11	 48	 6.126864e+02	 6.189702e+02	 6.212035e+02	 6.251032e+02	 NaN	 
77	 8	 7	 93	 60	 60	 0	 2.850000e+00	 11	 48	 6.261199e+02	 6.336200e+02	 6.374870e+02	 6.397534e+02	 NaN	 
77	 9	 7	 90	 NaN	 55	 NaN	 3.580000e+00	 11	 48	 6.407701e+02	 6.426704e+02	 NaN	 NaN	 6.472703e+02	 
77	 10	 7	 100	 NaN	 45	 NaN	 3.520000e+00	 11	 48	 6.488033e+02	 6.553706e+02	 NaN	 NaN	 6.599036e+02	 
