subid	 trial	 block	 startPred	 prediction	 reward	 PE	 RTpred	 SD	 EV	 BeginITI	 CueOnset	 LogPrediction	 Feedback	 OnsetTooSlow	 BaselineStart	 
77	 1	 1	 75	 43	 77	 34	 1.170000e+00	 15	 35	 8.905882e+02	 8.926384e+02	 8.948551e+02	 8.973882e+02	 NaN	 8.855384e+02	 
77	 2	 1	 41	 85	 60	 -25	 1.010000e+00	 15	 35	 8.984214e+02	 9.009885e+02	 9.030217e+02	 9.070218e+02	 NaN	 8.855384e+02	 
77	 3	 1	 41	 41	 95	 54	 1.560000e+00	 15	 35	 9.080382e+02	 9.143218e+02	 9.169051e+02	 9.199549e+02	 NaN	 8.855384e+02	 
77	 4	 1	 79	 79	 87	 8	 1	 15	 35	 9.209717e+02	 9.253385e+02	 9.273553e+02	 9.298385e+02	 NaN	 8.855384e+02	 
77	 5	 1	 71	 NaN	 53	 NaN	 3.510000e+00	 15	 35	 9.308549e+02	 9.320721e+02	 NaN	 NaN	 9.366052e+02	 8.855384e+02	 
77	 6	 1	 59	 NaN	 74	 NaN	 3.520000e+00	 15	 35	 9.381721e+02	 9.413055e+02	 NaN	 NaN	 9.458384e+02	 8.855384e+02	 
77	 7	 1	 93	 NaN	 42	 NaN	 3.520000e+00	 5	 65	 9.473720e+02	 9.510555e+02	 NaN	 NaN	 9.555887e+02	 8.855384e+02	 
77	 8	 1	 21	 NaN	 37	 NaN	 3.520000e+00	 5	 65	 9.571219e+02	 9.622723e+02	 NaN	 NaN	 9.668053e+02	 8.855384e+02	 
77	 9	 1	 8	 NaN	 43	 NaN	 3.520000e+00	 5	 65	 9.683387e+02	 9.758391e+02	 NaN	 NaN	 9.803723e+02	 8.855384e+02	 
77	 10	 1	 52	 NaN	 35	 NaN	 3.520000e+00	 5	 65	 9.819054e+02	 9.838057e+02	 NaN	 NaN	 9.883387e+02	 8.855384e+02	 
77	 11	 1	 77	 NaN	 31	 NaN	 3.520000e+00	 5	 65	 9.898721e+02	 9.937391e+02	 NaN	 NaN	 9.982721e+02	 8.855384e+02	 
77	 12	 1	 5	 NaN	 29	 NaN	 3.520000e+00	 5	 65	 9.998055e+02	 1.001256e+03	 NaN	 NaN	 1.005789e+03	 8.855384e+02	 
77	 13	 1	 49	 NaN	 35	 NaN	 3.520000e+00	 15	 35	 1.007322e+03	 1.015056e+03	 NaN	 NaN	 1.019589e+03	 8.855384e+02	 
77	 14	 1	 52	 NaN	 58	 NaN	 3.520000e+00	 15	 35	 1.021122e+03	 1.024289e+03	 NaN	 NaN	 1.028822e+03	 8.855384e+02	 
77	 15	 1	 33	 NaN	 62	 NaN	 3.520000e+00	 15	 35	 1.030356e+03	 1.033456e+03	 NaN	 NaN	 1.037989e+03	 8.855384e+02	 
77	 16	 1	 64	 NaN	 66	 NaN	 3.510000e+00	 15	 35	 1.039522e+03	 1.041139e+03	 NaN	 NaN	 1.045672e+03	 8.855384e+02	 
77	 17	 1	 97	 NaN	 47	 NaN	 3.520000e+00	 15	 35	 1.047206e+03	 1.049439e+03	 NaN	 NaN	 1.053973e+03	 8.855384e+02	 
77	 18	 1	 10	 NaN	 68	 NaN	 3.520000e+00	 15	 35	 1.055506e+03	 1.057390e+03	 NaN	 NaN	 1.061923e+03	 8.855384e+02	 
77	 19	 1	 91	 NaN	 34	 NaN	 3.520000e+00	 5	 65	 1.063456e+03	 1.068056e+03	 NaN	 NaN	 1.072589e+03	 8.855384e+02	 
77	 20	 1	 68	 NaN	 28	 NaN	 3.520000e+00	 5	 65	 1.074123e+03	 1.075723e+03	 NaN	 NaN	 1.080256e+03	 8.855384e+02	 
77	 21	 1	 87	 NaN	 35	 NaN	 3.520000e+00	 5	 65	 1.081789e+03	 1.083806e+03	 NaN	 NaN	 1.088339e+03	 8.855384e+02	 
77	 22	 1	 90	 NaN	 31	 NaN	 3.520000e+00	 5	 65	 1.089873e+03	 1.091823e+03	 NaN	 NaN	 1.096356e+03	 8.855384e+02	 
77	 23	 1	 52	 NaN	 25	 NaN	 3.520000e+00	 15	 35	 1.097889e+03	 1.098989e+03	 NaN	 NaN	 1.103523e+03	 8.855384e+02	 
77	 24	 1	 29	 NaN	 50	 NaN	 3.520000e+00	 15	 35	 1.105056e+03	 1.106689e+03	 NaN	 NaN	 1.111223e+03	 8.855384e+02	 
77	 25	 1	 12	 NaN	 64	 NaN	 3.520000e+00	 15	 35	 1.112756e+03	 1.114573e+03	 NaN	 NaN	 1.119106e+03	 8.855384e+02	 
77	 26	 1	 31	 NaN	 43	 NaN	 3.520000e+00	 15	 35	 1.120639e+03	 1.126239e+03	 NaN	 NaN	 1.130773e+03	 8.855384e+02	 
77	 27	 1	 98	 NaN	 70	 NaN	 3.520000e+00	 5	 65	 1.132306e+03	 1.134807e+03	 NaN	 NaN	 1.139340e+03	 8.855384e+02	 
77	 28	 1	 51	 NaN	 65	 NaN	 3.520000e+00	 5	 65	 1.140873e+03	 1.145257e+03	 NaN	 NaN	 1.149790e+03	 8.855384e+02	 
77	 29	 1	 10	 NaN	 33	 NaN	 3.520000e+00	 5	 65	 1.151323e+03	 1.153357e+03	 NaN	 NaN	 1.157890e+03	 8.855384e+02	 
77	 30	 1	 39	 NaN	 39	 NaN	 3.520000e+00	 5	 65	 1.159423e+03	 1.160957e+03	 NaN	 NaN	 1.165490e+03	 8.855384e+02	 
77	 31	 1	 20	 NaN	 36	 NaN	 3.520000e+00	 5	 65	 1.167023e+03	 1.171940e+03	 NaN	 NaN	 1.176473e+03	 8.855384e+02	 
77	 32	 1	 83	 NaN	 45	 NaN	 3.520000e+00	 5	 65	 1.178007e+03	 1.183523e+03	 NaN	 NaN	 1.188057e+03	 8.855384e+02	 
77	 33	 1	 12	 NaN	 72	 NaN	 3.520000e+00	 15	 35	 1.189590e+03	 1.192490e+03	 NaN	 NaN	 1.197023e+03	 8.855384e+02	 
77	 34	 1	 52	 NaN	 80	 NaN	 3.520000e+00	 15	 35	 1.198557e+03	 1.203473e+03	 NaN	 NaN	 1.208007e+03	 8.855384e+02	 
77	 35	 1	 3	 NaN	 56	 NaN	 3.520000e+00	 15	 35	 1.209540e+03	 1.220890e+03	 NaN	 NaN	 1.225423e+03	 8.855384e+02	 
77	 36	 1	 51	 NaN	 83	 NaN	 3.520000e+00	 15	 35	 1.226957e+03	 1.229224e+03	 NaN	 NaN	 1.233757e+03	 8.855384e+02	 
77	 37	 1	 95	 NaN	 36	 NaN	 3.520000e+00	 15	 35	 1.235290e+03	 1.237707e+03	 NaN	 NaN	 1.242240e+03	 8.855384e+02	 
77	 38	 1	 97	 NaN	 34	 NaN	 3.520000e+00	 5	 65	 1.243774e+03	 1.245024e+03	 NaN	 NaN	 1.249557e+03	 8.855384e+02	 
77	 39	 1	 49	 NaN	 30	 NaN	 3.520000e+00	 5	 65	 1.251090e+03	 1.252957e+03	 NaN	 NaN	 1.257491e+03	 8.855384e+02	 
77	 40	 1	 19	 NaN	 38	 NaN	 3.520000e+00	 5	 65	 1.259024e+03	 1.260890e+03	 NaN	 NaN	 1.265424e+03	 8.855384e+02	 
77	 41	 1	 29	 NaN	 35	 NaN	 3.520000e+00	 5	 65	 1.266957e+03	 1.275024e+03	 NaN	 NaN	 1.279557e+03	 8.855384e+02	 
77	 42	 1	 35	 NaN	 39	 NaN	 3.520000e+00	 5	 65	 1.281090e+03	 1.287657e+03	 NaN	 NaN	 1.292191e+03	 8.855384e+02	 
