subid	 trial	 block	 startPred	 prediction	 reward	 PE	 RTpred	 SD	 EV	 BeginITI	 CueOnset	 LogPrediction	 Feedback	 OnsetTooSlow	 BaselineStart	 
pat	 1	 7	 84	 28	 30	 2	 1.360000e+00	 11	 48	 4.650225e+02	 4.675225e+02	 4.699556e+02	 4.720725e+02	 NaN	 
pat	 2	 7	 75	 75	 60	 -15	 1.100000e+00	 11	 48	 4.731223e+02	 4.747722e+02	 4.768891e+02	 4.791226e+02	 NaN	 
pat	 3	 7	 32	 32	 55	 23	 1.560000e+00	 11	 48	 4.801391e+02	 4.827061e+02	 4.852892e+02	 4.879555e+02	 NaN	 
pat	 4	 7	 56	 NaN	 45	 NaN	 3.510000e+00	 11	 48	 4.889894e+02	 4.908556e+02	 NaN	 NaN	 4.953890e+02	 
pat	 5	 7	 78	 NaN	 55	 NaN	 3.520000e+00	 11	 48	 4.969223e+02	 4.985222e+02	 NaN	 NaN	 5.030557e+02	 
pat	 6	 7	 86	 NaN	 42	 NaN	 3.500000e+00	 11	 48	 5.045890e+02	 5.095057e+02	 NaN	 NaN	 5.140229e+02	 
pat	 7	 7	 47	 NaN	 30	 NaN	 3.520000e+00	 11	 48	 5.155557e+02	 5.218392e+02	 NaN	 NaN	 5.263724e+02	 
pat	 8	 7	 93	 93	 60	 -33	 1.620000e+00	 11	 48	 5.279059e+02	 5.354061e+02	 5.380395e+02	 5.403059e+02	 NaN	 
pat	 9	 7	 90	 90	 55	 -35	 2.600000e+00	 11	 48	 5.413225e+02	 5.432232e+02	 5.468395e+02	 5.490892e+02	 NaN	 
pat	 10	 7	 100	 7	 45	 38	 1.880000e+00	 11	 48	 5.501058e+02	 5.566732e+02	 5.595730e+02	 5.629726e+02	 NaN	 
