subid	 trial	 block	 startPred	 prediction	 reward	 PE	 RTpred	 SD	 EV	 BeginITI	 CueOnset	 LogPrediction	 Feedback	 OnsetTooSlow	 BaselineStart	 
pat	 1	 7	 75	 75	 30	 -45	 1.760000e+00	 11	 48	 6.285395e+02	 6.305898e+02	 6.333732e+02	 6.359063e+02	 NaN	 
pat	 2	 7	 41	 23	 60	 37	 1.330000e+00	 11	 48	 6.369397e+02	 6.394895e+02	 6.418398e+02	 6.458396e+02	 NaN	 
pat	 3	 7	 41	 24	 55	 31	 1.160000e+00	 11	 48	 6.468563e+02	 6.531400e+02	 6.553232e+02	 6.583731e+02	 NaN	 
pat	 4	 7	 79	 NaN	 45	 NaN	 3.510000e+00	 11	 48	 6.593897e+02	 6.637563e+02	 NaN	 NaN	 6.682901e+02	 
pat	 5	 7	 71	 NaN	 55	 NaN	 3.520000e+00	 11	 48	 6.698401e+02	 6.710565e+02	 NaN	 NaN	 6.755899e+02	 
pat	 6	 7	 59	 59	 42	 -17	 9.800000e-01	 11	 48	 6.771235e+02	 6.802570e+02	 6.822569e+02	 6.844565e+02	 NaN	 
pat	 7	 7	 93	 93	 30	 -63	 1.620000e+00	 11	 48	 6.854734e+02	 6.891569e+02	 6.917903e+02	 6.956898e+02	 NaN	 
pat	 8	 7	 21	 NaN	 60	 NaN	 3.550000e+00	 11	 48	 6.967235e+02	 7.018735e+02	 NaN	 NaN	 7.064404e+02	 
pat	 9	 7	 8	 26	 55	 29	 1.430000e+00	 11	 48	 7.079735e+02	 7.154738e+02	 7.179237e+02	 7.203573e+02	 NaN	 
pat	 10	 7	 52	 26	 45	 19	 1.530000e+00	 11	 48	 7.213735e+02	 7.232737e+02	 7.258239e+02	 7.292237e+02	 NaN	 
