subid	 trial	 block	 startPred	 prediction	 reward	 PE	 RTpred	 SD	 EV	 BeginITI	 CueOnset	 LogPrediction	 Feedback	 OnsetTooSlow	 BaselineStart	 
tal	 1	 7	 12	 42	 30	 -12	 2.090000e+00	 11	 48	 8.280729e+03	 8.282563e+03	 8.285746e+03	 8.287913e+03	 NaN	 
tal	 2	 7	 32	 73	 60	 -13	 1.810000e+00	 11	 48	 8.288979e+03	 8.290513e+03	 8.293346e+03	 8.295613e+03	 NaN	 
tal	 3	 7	 97	 49	 55	 6	 2.180000e+00	 11	 48	 8.296646e+03	 8.307996e+03	 8.311196e+03	 8.314013e+03	 NaN	 
tal	 4	 7	 31	 48	 45	 -3	 1.910000e+00	 11	 48	 8.315063e+03	 8.316963e+03	 8.319896e+03	 8.322396e+03	 NaN	 
tal	 5	 7	 59	 48	 55	 7	 2.160000e+00	 11	 48	 8.323430e+03	 8.324680e+03	 8.327863e+03	 8.330063e+03	 NaN	 
tal	 6	 7	 44	 49	 42	 -7	 1.720000e+00	 11	 48	 8.331096e+03	 8.338830e+03	 8.341563e+03	 8.344263e+03	 NaN	 
tal	 7	 7	 66	 49	 30	 -19	 2.330000e+00	 11	 48	 8.345297e+03	 8.348430e+03	 8.351780e+03	 8.355847e+03	 NaN	 
tal	 8	 7	 77	 NaN	 60	 NaN	 3.670000e+00	 11	 48	 8.356880e+03	 8.358747e+03	 NaN	 NaN	 8.363430e+03	 
tal	 9	 7	 46	 50	 55	 5	 1.680000e+00	 11	 48	 8.365030e+03	 8.369397e+03	 8.372097e+03	 8.374330e+03	 NaN	 
tal	 10	 7	 36	 48	 45	 -3	 2.020000e+00	 11	 48	 8.375363e+03	 8.381930e+03	 8.384964e+03	 8.388230e+03	 NaN	 
