subid	 trial	 block	 startPred	 prediction	 reward	 PE	 RTpred	 SD	 EV	 BeginITI	 CueOnset	 LogPrediction	 Feedback	 OnsetTooSlow	 BaselineStart	 
06	 1	 7	 61	 55	 30	 -25	 3.120000e+00	 11	 48	 1.301943e+04	 1.302382e+04	 1.302800e+04	 1.303027e+04	 NaN	 
06	 2	 7	 99	 79	 60	 -19	 1.970000e+00	 11	 48	 1.303131e+04	 1.303292e+04	 1.303591e+04	 1.303815e+04	 NaN	 
06	 3	 7	 43	 31	 55	 24	 1.580000e+00	 11	 48	 1.303916e+04	 1.304041e+04	 1.304301e+04	 1.304540e+04	 NaN	 
06	 4	 7	 71	 58	 45	 -13	 1.820000e+00	 11	 48	 1.304641e+04	 1.304827e+04	 1.305110e+04	 1.305451e+04	 NaN	 
06	 5	 7	 92	 78	 55	 -23	 1.870000e+00	 11	 48	 1.305554e+04	 1.305755e+04	 1.306043e+04	 1.306293e+04	 NaN	 
06	 6	 7	 78	 49	 42	 -7	 1.870000e+00	 11	 48	 1.306394e+04	 1.306617e+04	 1.306905e+04	 1.307124e+04	 NaN	 
06	 7	 7	 11	 29	 30	 1	 1.870000e+00	 11	 48	 1.307225e+04	 1.307685e+04	 1.307972e+04	 1.308225e+04	 NaN	 
06	 8	 7	 77	 86	 60	 -26	 1.730000e+00	 11	 48	 1.308327e+04	 1.308982e+04	 1.309256e+04	 1.309527e+04	 NaN	 
06	 9	 7	 34	 22	 55	 33	 1.770000e+00	 11	 48	 1.309628e+04	 1.310762e+04	 1.311039e+04	 1.311329e+04	 NaN	 
06	 10	 7	 49	 56	 45	 -11	 1.870000e+00	 11	 48	 1.311430e+04	 1.311945e+04	 1.312233e+04	 1.312446e+04	 NaN	 
