subid	 trial	 block	 startPred	 prediction	 reward	 PE	 RTpred	 SD	 EV	 BeginITI	 CueOnset	 LogPrediction	 Feedback	 OnsetTooSlow	 BaselineStart	 
07	 1	 7	 22	 47	 30	 -17	 2.050000e+00	 11	 48	 6.856333e+04	 6.856770e+04	 6.857078e+04	 6.857289e+04	 NaN	 
07	 2	 7	 16	 44	 60	 16	 1.830000e+00	 11	 48	 6.857393e+04	 6.857579e+04	 6.857864e+04	 6.858075e+04	 NaN	 
07	 3	 7	 37	 42	 55	 13	 1.640000e+00	 11	 48	 6.858177e+04	 6.858329e+04	 6.858594e+04	 6.858994e+04	 NaN	 
07	 4	 7	 57	 48	 45	 -3	 2.820000e+00	 11	 48	 6.859097e+04	 6.859279e+04	 6.859662e+04	 6.859910e+04	 NaN	 
07	 5	 7	 47	 49	 55	 6	 1.740000e+00	 11	 48	 6.860012e+04	 6.860198e+04	 6.860474e+04	 6.860708e+04	 NaN	 
07	 6	 7	 79	 51	 42	 -9	 2.120000e+00	 11	 48	 6.860811e+04	 6.861196e+04	 6.861509e+04	 6.861860e+04	 NaN	 
07	 7	 7	 41	 46	 30	 -16	 2.190000e+00	 11	 48	 6.861961e+04	 6.862476e+04	 6.862795e+04	 6.863017e+04	 NaN	 
07	 8	 7	 51	 38	 60	 22	 1.630000e+00	 11	 48	 6.863119e+04	 6.863345e+04	 6.863609e+04	 6.863990e+04	 NaN	 
07	 9	 7	 66	 49	 55	 6	 2.470000e+00	 11	 48	 6.864092e+04	 6.864551e+04	 6.864899e+04	 6.865139e+04	 NaN	 
07	 10	 7	 96	 55	 45	 -10	 3.180000e+00	 11	 48	 6.865240e+04	 6.865552e+04	 6.865970e+04	 6.866274e+04	 NaN	 
