subid	 trial	 block	 startPred	 prediction	 reward	 PE	 RTpred	 SD	 EV	 BeginITI	 CueOnset	 LogPrediction	 Feedback	 OnsetTooSlow	 BaselineStart	 
DRMH07	 1	 7	 33	 41	 30	 -11	 1.990000e+00	 11	 48	 6.407340e+04	 6.407524e+04	 6.407829e+04	 6.408074e+04	 NaN	 
DRMH07	 2	 7	 87	 56	 60	 4	 3.260000e+00	 11	 48	 6.408179e+04	 6.408375e+04	 6.408804e+04	 6.409159e+04	 NaN	 
DRMH07	 3	 7	 71	 59	 55	 -4	 2.010000e+00	 11	 48	 6.409262e+04	 6.409450e+04	 6.409754e+04	 6.410155e+04	 NaN	 
DRMH07	 4	 7	 99	 55	 45	 -10	 2.360000e+00	 11	 48	 6.410259e+04	 6.411394e+04	 6.411732e+04	 6.411954e+04	 NaN	 
DRMH07	 5	 7	 89	 55	 55	 0	 2.410000e+00	 11	 48	 6.412057e+04	 6.412244e+04	 6.412587e+04	 6.412837e+04	 NaN	 
DRMH07	 6	 7	 68	 54	 42	 -12	 2.020000e+00	 11	 48	 6.412940e+04	 6.413145e+04	 6.413449e+04	 6.413689e+04	 NaN	 
DRMH07	 7	 7	 11	 50	 30	 -20	 3.080000e+00	 11	 48	 6.413792e+04	 6.413994e+04	 6.414404e+04	 6.414730e+04	 NaN	 
DRMH07	 8	 7	 53	 50	 60	 10	 1.700000e+00	 11	 48	 6.414834e+04	 6.414995e+04	 6.415267e+04	 6.415557e+04	 NaN	 
DRMH07	 9	 7	 3	 33	 55	 22	 3.050000e+00	 11	 48	 6.415660e+04	 6.415814e+04	 6.416220e+04	 6.416445e+04	 NaN	 
DRMH07	 10	 7	 38	 52	 45	 -7	 2.250000e+00	 11	 48	 6.416547e+04	 6.417099e+04	 6.417425e+04	 6.417680e+04	 NaN	 
